Some((
    red: 0.51494026,
    green: 0.7684031,
    blue: 0.7798485,
    alpha: 1.0,
))