Some((
    red: 0.27058825,
    green: 0.52156866,
    blue: 0.53333336,
))